
10681292112392359224084578748069237644972454595449654509512307686907863835982012130501806603096260417336844640376034837858706216282582343771069727132766385563832498320253766141736733759916100325431617124398007662175993073649003992776258338330293037661

10681292112392359224084578748069237644972454595449654509512307686907863835982012130501806603096260417336844640376034837858706216282582343771069727132766385563832498320253766141736733759916100325431617124398007662175993073649003992776258338330293038031

10681292112392359224084578748069237644972454595449654509512307686907863835982012130501806603096260417336844640376034837858706216282582343771069727132766385563832498320253766141736733759916100325431617124398007662175993073649003992776258338330293038627

10681292112392359224084578748069237644972454595449654509512307686907863835982012130501806603096260417336844640376034837858706216282582343771069727132766385563832498320253766141736733759916100325431617124398007662175993073649003992776258338330293038673

10681292112392359224084578748069237644972454595449654509512307686907863835982012130501806603096260417336844640376034837858706216282582343771069727132766385563832498320253766141736733759916100325431617124398007662175993073649003992776258338330293038691

10681292112392359224084578748069237644972454595449654509512307686907863835982012130501806603096260417336844640376034837858706216282582343771069727132766385563832498320253766141736733759916100325431617124398007662175993073649003992776258338330293038873

10681292112392359224084578748069237644972454595449654509512307686907863835982012130501806603096260417336844640376034837858706216282582343771069727132766385563832498320253766141736733759916100325431617124398007662175993073649003992776258338330293039489

10681292112392359224084578748069237644972454595449654509512307686907863835982012130501806603096260417336844640376034837858706216282582343771069727132766385563832498320253766141736733759916100325431617124398007662175993073649003992776258338330293039609

10681292112392359224084578748069237644972454595449654509512307686907863835982012130501806603096260417336844640376034837858706216282582343771069727132766385563832498320253766141736733759916100325431617124398007662175993073649003992776258338330293040547

10681292112392359224084578748069237644972454595449654509512307686907863835982012130501806603096260417336844640376034837858706216282582343771069727132766385563832498320253766141736733759916100325431617124398007662175993073649003992776258338330293041811

10681292112392359224084578748069237644972454595449654509512307686907863835982012130501806603096260417336844640376034837858706216282582343771069727132766385563832498320253766141736733759916100325431617124398007662175993073649003992776258338330293043049

10681292112392359224084578748069237644972454595449654509512307686907863835982012130501806603096260417336844640376034837858706216282582343771069727132766385563832498320253766141736733759916100325431617124398007662175993073649003992776258338330293043157

10681292112392359224084578748069237644972454595449654509512307686907863835982012130501806603096260417336844640376034837858706216282582343771069727132766385563832498320253766141736733759916100325431617124398007662175993073649003992776258338330293043701

10681292112392359224084578748069237644972454595449654509512307686907863835982012130501806603096260417336844640376034837858706216282582343771069727132766385563832498320253766141736733759916100325431617124398007662175993073649003992776258338330293043847

10681292112392359224084578748069237644972454595449654509512307686907863835982012130501806603096260417336844640376034837858706216282582343771069727132766385563832498320253766141736733759916100325431617124398007662175993073649003992776258338330293044243

10681292112392359224084578748069237644972454595449654509512307686907863835982012130501806603096260417336844640376034837858706216282582343771069727132766385563832498320253766141736733759916100325431617124398007662175993073649003992776258338330293044457

10681292112392359224084578748069237644972454595449654509512307686907863835982012130501806603096260417336844640376034837858706216282582343771069727132766385563832498320253766141736733759916100325431617124398007662175993073649003992776258338330293045383

10681292112392359224084578748069237644972454595449654509512307686907863835982012130501806603096260417336844640376034837858706216282582343771069727132766385563832498320253766141736733759916100325431617124398007662175993073649003992776258338330293045893

10681292112392359224084578748069237644972454595449654509512307686907863835982012130501806603096260417336844640376034837858706216282582343771069727132766385563832498320253766141736733759916100325431617124398007662175993073649003992776258338330293046419

10681292112392359224084578748069237644972454595449654509512307686907863835982012130501806603096260417336844640376034837858706216282582343771069727132766385563832498320253766141736733759916100325431617124398007662175993073649003992776258338330293047153

10681292112392359224084578748069237644972454595449654509512307686907863835982012130501806603096260417336844640376034837858706216282582343771069727132766385563832498320253766141736733759916100325431617124398007662175993073649003992776258338330293047439

10681292112392359224084578748069237644972454595449654509512307686907863835982012130501806603096260417336844640376034837858706216282582343771069727132766385563832498320253766141736733759916100325431617124398007662175993073649003992776258338330293048051

10681292112392359224084578748069237644972454595449654509512307686907863835982012130501806603096260417336844640376034837858706216282582343771069727132766385563832498320253766141736733759916100325431617124398007662175993073649003992776258338330293048117

10681292112392359224084578748069237644972454595449654509512307686907863835982012130501806603096260417336844640376034837858706216282582343771069727132766385563832498320253766141736733759916100325431617124398007662175993073649003992776258338330293048287

10681292112392359224084578748069237644972454595449654509512307686907863835982012130501806603096260417336844640376034837858706216282582343771069727132766385563832498320253766141736733759916100325431617124398007662175993073649003992776258338330293048461

10681292112392359224084578748069237644972454595449654509512307686907863835982012130501806603096260417336844640376034837858706216282582343771069727132766385563832498320253766141736733759916100325431617124398007662175993073649003992776258338330293048473

10681292112392359224084578748069237644972454595449654509512307686907863835982012130501806603096260417336844640376034837858706216282582343771069727132766385563832498320253766141736733759916100325431617124398007662175993073649003992776258338330293049013

10681292112392359224084578748069237644972454595449654509512307686907863835982012130501806603096260417336844640376034837858706216282582343771069727132766385563832498320253766141736733759916100325431617124398007662175993073649003992776258338330293049133

10681292112392359224084578748069237644972454595449654509512307686907863835982012130501806603096260417336844640376034837858706216282582343771069727132766385563832498320253766141736733759916100325431617124398007662175993073649003992776258338330293050169

10681292112392359224084578748069237644972454595449654509512307686907863835982012130501806603096260417336844640376034837858706216282582343771069727132766385563832498320253766141736733759916100325431617124398007662175993073649003992776258338330293050727

10681292112392359224084578748069237644972454595449654509512307686907863835982012130501806603096260417336844640376034837858706216282582343771069727132766385563832498320253766141736733759916100325431617124398007662175993073649003992776258338330293050913

10681292112392359224084578748069237644972454595449654509512307686907863835982012130501806603096260417336844640376034837858706216282582343771069727132766385563832498320253766141736733759916100325431617124398007662175993073649003992776258338330293051501

10681292112392359224084578748069237644972454595449654509512307686907863835982012130501806603096260417336844640376034837858706216282582343771069727132766385563832498320253766141736733759916100325431617124398007662175993073649003992776258338330293051639

10681292112392359224084578748069237644972454595449654509512307686907863835982012130501806603096260417336844640376034837858706216282582343771069727132766385563832498320253766141736733759916100325431617124398007662175993073649003992776258338330293053243

10681292112392359224084578748069237644972454595449654509512307686907863835982012130501806603096260417336844640376034837858706216282582343771069727132766385563832498320253766141736733759916100325431617124398007662175993073649003992776258338330293053357

10681292112392359224084578748069237644972454595449654509512307686907863835982012130501806603096260417336844640376034837858706216282582343771069727132766385563832498320253766141736733759916100325431617124398007662175993073649003992776258338330293053537

10681292112392359224084578748069237644972454595449654509512307686907863835982012130501806603096260417336844640376034837858706216282582343771069727132766385563832498320253766141736733759916100325431617124398007662175993073649003992776258338330293053943

10681292112392359224084578748069237644972454595449654509512307686907863835982012130501806603096260417336844640376034837858706216282582343771069727132766385563832498320253766141736733759916100325431617124398007662175993073649003992776258338330293054029

10681292112392359224084578748069237644972454595449654509512307686907863835982012130501806603096260417336844640376034837858706216282582343771069727132766385563832498320253766141736733759916100325431617124398007662175993073649003992776258338330293055313

10681292112392359224084578748069237644972454595449654509512307686907863835982012130501806603096260417336844640376034837858706216282582343771069727132766385563832498320253766141736733759916100325431617124398007662175993073649003992776258338330293056033

10681292112392359224084578748069237644972454595449654509512307686907863835982012130501806603096260417336844640376034837858706216282582343771069727132766385563832498320253766141736733759916100325431617124398007662175993073649003992776258338330293056429

10681292112392359224084578748069237644972454595449654509512307686907863835982012130501806603096260417336844640376034837858706216282582343771069727132766385563832498320253766141736733759916100325431617124398007662175993073649003992776258338330293056633

10681292112392359224084578748069237644972454595449654509512307686907863835982012130501806603096260417336844640376034837858706216282582343771069727132766385563832498320253766141736733759916100325431617124398007662175993073649003992776258338330293057443

10681292112392359224084578748069237644972454595449654509512307686907863835982012130501806603096260417336844640376034837858706216282582343771069727132766385563832498320253766141736733759916100325431617124398007662175993073649003992776258338330293058199

10681292112392359224084578748069237644972454595449654509512307686907863835982012130501806603096260417336844640376034837858706216282582343771069727132766385563832498320253766141736733759916100325431617124398007662175993073649003992776258338330293058989

10681292112392359224084578748069237644972454595449654509512307686907863835982012130501806603096260417336844640376034837858706216282582343771069727132766385563832498320253766141736733759916100325431617124398007662175993073649003992776258338330293059453

10681292112392359224084578748069237644972454595449654509512307686907863835982012130501806603096260417336844640376034837858706216282582343771069727132766385563832498320253766141736733759916100325431617124398007662175993073649003992776258338330293060093

10681292112392359224084578748069237644972454595449654509512307686907863835982012130501806603096260417336844640376034837858706216282582343771069727132766385563832498320253766141736733759916100325431617124398007662175993073649003992776258338330293061581

10681292112392359224084578748069237644972454595449654509512307686907863835982012130501806603096260417336844640376034837858706216282582343771069727132766385563832498320253766141736733759916100325431617124398007662175993073649003992776258338330293062091

10681292112392359224084578748069237644972454595449654509512307686907863835982012130501806603096260417336844640376034837858706216282582343771069727132766385563832498320253766141736733759916100325431617124398007662175993073649003992776258338330293062259

10681292112392359224084578748069237644972454595449654509512307686907863835982012130501806603096260417336844640376034837858706216282582343771069727132766385563832498320253766141736733759916100325431617124398007662175993073649003992776258338330293062343

10681292112392359224084578748069237644972454595449654509512307686907863835982012130501806603096260417336844640376034837858706216282582343771069727132766385563832498320253766141736733759916100325431617124398007662175993073649003992776258338330293062751

10681292112392359224084578748069237644972454595449654509512307686907863835982012130501806603096260417336844640376034837858706216282582343771069727132766385563832498320253766141736733759916100325431617124398007662175993073649003992776258338330293062963

10681292112392359224084578748069237644972454595449654509512307686907863835982012130501806603096260417336844640376034837858706216282582343771069727132766385563832498320253766141736733759916100325431617124398007662175993073649003992776258338330293063077

10681292112392359224084578748069237644972454595449654509512307686907863835982012130501806603096260417336844640376034837858706216282582343771069727132766385563832498320253766141736733759916100325431617124398007662175993073649003992776258338330293063167

10681292112392359224084578748069237644972454595449654509512307686907863835982012130501806603096260417336844640376034837858706216282582343771069727132766385563832498320253766141736733759916100325431617124398007662175993073649003992776258338330293067593

10681292112392359224084578748069237644972454595449654509512307686907863835982012130501806603096260417336844640376034837858706216282582343771069727132766385563832498320253766141736733759916100325431617124398007662175993073649003992776258338330293067679

10681292112392359224084578748069237644972454595449654509512307686907863835982012130501806603096260417336844640376034837858706216282582343771069727132766385563832498320253766141736733759916100325431617124398007662175993073649003992776258338330293069257

10681292112392359224084578748069237644972454595449654509512307686907863835982012130501806603096260417336844640376034837858706216282582343771069727132766385563832498320253766141736733759916100325431617124398007662175993073649003992776258338330293069579

10681292112392359224084578748069237644972454595449654509512307686907863835982012130501806603096260417336844640376034837858706216282582343771069727132766385563832498320253766141736733759916100325431617124398007662175993073649003992776258338330293069957

10681292112392359224084578748069237644972454595449654509512307686907863835982012130501806603096260417336844640376034837858706216282582343771069727132766385563832498320253766141736733759916100325431617124398007662175993073649003992776258338330293070401

10681292112392359224084578748069237644972454595449654509512307686907863835982012130501806603096260417336844640376034837858706216282582343771069727132766385563832498320253766141736733759916100325431617124398007662175993073649003992776258338330293070449
