
69639670804111972171537482872516502386607012088665924853466033016488052280006282037381548434254949927535202962826862346781002973621407119098761010510939175431653629456634478018662395464578714143250741003016930525254173226464662078669202856480965795022899797712951952517081318248326781727032935471397515822930976467826020583252390575533972807628309874006478968932843451691909523788932460165246549822011146043955446538026215098554775482176386984285429014320528450151960639916977698222534845284873543069

69639670804111972171537482872516502386607012088665924853466033016488052280006282037381548434254949927535202962826862346781002973621407119098761010510939175431653629456634478018662395464578714143250741003016930525254173226464662078669202856480965795022899797712951952517081318248326781727032935471397515822930976467826020583252390575533972807628309874006478968932843451691909523788932460165246549822011146043955446538026215098554775482176386984285429014320528450151960639916977698222534845284873543111

69639670804111972171537482872516502386607012088665924853466033016488052280006282037381548434254949927535202962826862346781002973621407119098761010510939175431653629456634478018662395464578714143250741003016930525254173226464662078669202856480965795022899797712951952517081318248326781727032935471397515822930976467826020583252390575533972807628309874006478968932843451691909523788932460165246549822011146043955446538026215098554775482176386984285429014320528450151960639916977698222534845284873546397

69639670804111972171537482872516502386607012088665924853466033016488052280006282037381548434254949927535202962826862346781002973621407119098761010510939175431653629456634478018662395464578714143250741003016930525254173226464662078669202856480965795022899797712951952517081318248326781727032935471397515822930976467826020583252390575533972807628309874006478968932843451691909523788932460165246549822011146043955446538026215098554775482176386984285429014320528450151960639916977698222534845284873548949

69639670804111972171537482872516502386607012088665924853466033016488052280006282037381548434254949927535202962826862346781002973621407119098761010510939175431653629456634478018662395464578714143250741003016930525254173226464662078669202856480965795022899797712951952517081318248326781727032935471397515822930976467826020583252390575533972807628309874006478968932843451691909523788932460165246549822011146043955446538026215098554775482176386984285429014320528450151960639916977698222534845284873549771

69639670804111972171537482872516502386607012088665924853466033016488052280006282037381548434254949927535202962826862346781002973621407119098761010510939175431653629456634478018662395464578714143250741003016930525254173226464662078669202856480965795022899797712951952517081318248326781727032935471397515822930976467826020583252390575533972807628309874006478968932843451691909523788932460165246549822011146043955446538026215098554775482176386984285429014320528450151960639916977698222534845284873550957

47439769440320144240097234734825697103329113202995862159257732468444109028007970475591103337197213569595449666106970085767899726736374754974453564173626582424630874414830549549766262723313628962397995566878837329945111497403688621595876761714665547890381205333662363732703537274061576407850804459728432888319349510540720885327458255964005481529574575745181576050252889481520536584124381361297627220673221898796662455781941316196949855558545323177732072921441848395492535999371291048112710087597911733

47439769440320144240097234734825697103329113202995862159257732468444109028007970475591103337197213569595449666106970085767899726736374754974453564173626582424630874414830549549766262723313628962397995566878837329945111497403688621595876761714665547890381205333662363732703537274061576407850804459728432888319349510540720885327458255964005481529574575745181576050252889481520536584124381361297627220673221898796662455781941316196949855558545323177732072921441848395492535999371291048112710087597913647

47439769440320144240097234734825697103329113202995862159257732468444109028007970475591103337197213569595449666106970085767899726736374754974453564173626582424630874414830549549766262723313628962397995566878837329945111497403688621595876761714665547890381205333662363732703537274061576407850804459728432888319349510540720885327458255964005481529574575745181576050252889481520536584124381361297627220673221898796662455781941316196949855558545323177732072921441848395492535999371291048112710087597914637

47439769440320144240097234734825697103329113202995862159257732468444109028007970475591103337197213569595449666106970085767899726736374754974453564173626582424630874414830549549766262723313628962397995566878837329945111497403688621595876761714665547890381205333662363732703537274061576407850804459728432888319349510540720885327458255964005481529574575745181576050252889481520536584124381361297627220673221898796662455781941316196949855558545323177732072921441848395492535999371291048112710087597915391

47439769440320144240097234734825697103329113202995862159257732468444109028007970475591103337197213569595449666106970085767899726736374754974453564173626582424630874414830549549766262723313628962397995566878837329945111497403688621595876761714665547890381205333662363732703537274061576407850804459728432888319349510540720885327458255964005481529574575745181576050252889481520536584124381361297627220673221898796662455781941316196949855558545323177732072921441848395492535999371291048112710087597916351

47439769440320144240097234734825697103329113202995862159257732468444109028007970475591103337197213569595449666106970085767899726736374754974453564173626582424630874414830549549766262723313628962397995566878837329945111497403688621595876761714665547890381205333662363732703537274061576407850804459728432888319349510540720885327458255964005481529574575745181576050252889481520536584124381361297627220673221898796662455781941316196949855558545323177732072921441848395492535999371291048112710087597916719

47439769440320144240097234734825697103329113202995862159257732468444109028007970475591103337197213569595449666106970085767899726736374754974453564173626582424630874414830549549766262723313628962397995566878837329945111497403688621595876761714665547890381205333662363732703537274061576407850804459728432888319349510540720885327458255964005481529574575745181576050252889481520536584124381361297627220673221898796662455781941316196949855558545323177732072921441848395492535999371291048112710087597917577

47439769440320144240097234734825697103329113202995862159257732468444109028007970475591103337197213569595449666106970085767899726736374754974453564173626582424630874414830549549766262723313628962397995566878837329945111497403688621595876761714665547890381205333662363732703537274061576407850804459728432888319349510540720885327458255964005481529574575745181576050252889481520536584124381361297627220673221898796662455781941316196949855558545323177732072921441848395492535999371291048112710087597919843

47439769440320144240097234734825697103329113202995862159257732468444109028007970475591103337197213569595449666106970085767899726736374754974453564173626582424630874414830549549766262723313628962397995566878837329945111497403688621595876761714665547890381205333662363732703537274061576407850804459728432888319349510540720885327458255964005481529574575745181576050252889481520536584124381361297627220673221898796662455781941316196949855558545323177732072921441848395492535999371291048112710087597920077

47439769440320144240097234734825697103329113202995862159257732468444109028007970475591103337197213569595449666106970085767899726736374754974453564173626582424630874414830549549766262723313628962397995566878837329945111497403688621595876761714665547890381205333662363732703537274061576407850804459728432888319349510540720885327458255964005481529574575745181576050252889481520536584124381361297627220673221898796662455781941316196949855558545323177732072921441848395492535999371291048112710087597920431

7672733454447758425625736296275031598187405096948422483809231919169086059779946672508873171298422793

7672733454447758425625736296275031598187405096948422483809231919169086059779946672508873171298422913

7672733454447758425625736296275031598187405096948422483809231919169086059779946672508873171298423253

7672733454447758425625736296275031598187405096948422483809231919169086059779946672508873171298423703

7672733454447758425625736296275031598187405096948422483809231919169086059779946672508873171298423733

7672733454447758425625736296275031598187405096948422483809231919169086059779946672508873171298423837

7672733454447758425625736296275031598187405096948422483809231919169086059779946672508873171298424207

7672733454447758425625736296275031598187405096948422483809231919169086059779946672508873171298425179

7672733454447758425625736296275031598187405096948422483809231919169086059779946672508873171298425251

7672733454447758425625736296275031598187405096948422483809231919169086059779946672508873171298425391

7672733454447758425625736296275031598187405096948422483809231919169086059779946672508873171298425581

7672733454447758425625736296275031598187405096948422483809231919169086059779946672508873171298425641

7672733454447758425625736296275031598187405096948422483809231919169086059779946672508873171298425791

7672733454447758425625736296275031598187405096948422483809231919169086059779946672508873171298426273

7672733454447758425625736296275031598187405096948422483809231919169086059779946672508873171298426727

7672733454447758425625736296275031598187405096948422483809231919169086059779946672508873171298426763

7672733454447758425625736296275031598187405096948422483809231919169086059779946672508873171298426961

7672733454447758425625736296275031598187405096948422483809231919169086059779946672508873171298427071

7672733454447758425625736296275031598187405096948422483809231919169086059779946672508873171298427227

7672733454447758425625736296275031598187405096948422483809231919169086059779946672508873171298427941

7672733454447758425625736296275031598187405096948422483809231919169086059779946672508873171298428409

7672733454447758425625736296275031598187405096948422483809231919169086059779946672508873171298428521

7672733454447758425625736296275031598187405096948422483809231919169086059779946672508873171298428683

7672733454447758425625736296275031598187405096948422483809231919169086059779946672508873171298428829

7672733454447758425625736296275031598187405096948422483809231919169086059779946672508873171298429001

7672733454447758425625736296275031598187405096948422483809231919169086059779946672508873171298429117

7672733454447758425625736296275031598187405096948422483809231919169086059779946672508873171298429333

7672733454447758425625736296275031598187405096948422483809231919169086059779946672508873171298429639

7672733454447758425625736296275031598187405096948422483809231919169086059779946672508873171298429703

7672733454447758425625736296275031598187405096948422483809231919169086059779946672508873171298429843

7672733454447758425625736296275031598187405096948422483809231919169086059779946672508873171298430611

7672733454447758425625736296275031598187405096948422483809231919169086059779946672508873171298430659

7672733454447758425625736296275031598187405096948422483809231919169086059779946672508873171298430801

7672733454447758425625736296275031598187405096948422483809231919169086059779946672508873171298430867

7672733454447758425625736296275031598187405096948422483809231919169086059779946672508873171298431107

7672733454447758425625736296275031598187405096948422483809231919169086059779946672508873171298431367

7672733454447758425625736296275031598187405096948422483809231919169086059779946672508873171298431473

7672733454447758425625736296275031598187405096948422483809231919169086059779946672508873171298431587

7672733454447758425625736296275031598187405096948422483809231919169086059779946672508873171298431653

7672733454447758425625736296275031598187405096948422483809231919169086059779946672508873171298431797

7672733454447758425625736296275031598187405096948422483809231919169086059779946672508873171298432241

7672733454447758425625736296275031598187405096948422483809231919169086059779946672508873171298432469

8463263442955165041371111408351354858756163813552577773426513631026999865750268793783696725160804367

8463263442955165041371111408351354858756163813552577773426513631026999865750268793783696725160804439

8463263442955165041371111408351354858756163813552577773426513631026999865750268793783696725160804643

8463263442955165041371111408351354858756163813552577773426513631026999865750268793783696725160804671

8463263442955165041371111408351354858756163813552577773426513631026999865750268793783696725160804713

8463263442955165041371111408351354858756163813552577773426513631026999865750268793783696725160805177

8463263442955165041371111408351354858756163813552577773426513631026999865750268793783696725160805333

8463263442955165041371111408351354858756163813552577773426513631026999865750268793783696725160805399

8463263442955165041371111408351354858756163813552577773426513631026999865750268793783696725160805403

8463263442955165041371111408351354858756163813552577773426513631026999865750268793783696725160805427

8463263442955165041371111408351354858756163813552577773426513631026999865750268793783696725160805709

8463263442955165041371111408351354858756163813552577773426513631026999865750268793783696725160805787

8463263442955165041371111408351354858756163813552577773426513631026999865750268793783696725160806201

8463263442955165041371111408351354858756163813552577773426513631026999865750268793783696725160806399

8463263442955165041371111408351354858756163813552577773426513631026999865750268793783696725160806551

8463263442955165041371111408351354858756163813552577773426513631026999865750268793783696725160806771

8463263442955165041371111408351354858756163813552577773426513631026999865750268793783696725160808081

8463263442955165041371111408351354858756163813552577773426513631026999865750268793783696725160808207

8463263442955165041371111408351354858756163813552577773426513631026999865750268793783696725160808237

8463263442955165041371111408351354858756163813552577773426513631026999865750268793783696725160808613

8463263442955165041371111408351354858756163813552577773426513631026999865750268793783696725160808781

8463263442955165041371111408351354858756163813552577773426513631026999865750268793783696725160808783

8463263442955165041371111408351354858756163813552577773426513631026999865750268793783696725160808913

8463263442955165041371111408351354858756163813552577773426513631026999865750268793783696725160809057

8463263442955165041371111408351354858756163813552577773426513631026999865750268793783696725160809141

8463263442955165041371111408351354858756163813552577773426513631026999865750268793783696725160809201

8463263442955165041371111408351354858756163813552577773426513631026999865750268793783696725160809903

8463263442955165041371111408351354858756163813552577773426513631026999865750268793783696725160810187

8463263442955165041371111408351354858756163813552577773426513631026999865750268793783696725160810233

8463263442955165041371111408351354858756163813552577773426513631026999865750268793783696725160810397

8463263442955165041371111408351354858756163813552577773426513631026999865750268793783696725160810503

8463263442955165041371111408351354858756163813552577773426513631026999865750268793783696725160810569

8463263442955165041371111408351354858756163813552577773426513631026999865750268793783696725160810923

8463263442955165041371111408351354858756163813552577773426513631026999865750268793783696725160810967

8463263442955165041371111408351354858756163813552577773426513631026999865750268793783696725160810979

8463263442955165041371111408351354858756163813552577773426513631026999865750268793783696725160811339

8463263442955165041371111408351354858756163813552577773426513631026999865750268793783696725160811829

8463263442955165041371111408351354858756163813552577773426513631026999865750268793783696725160812533

8463263442955165041371111408351354858756163813552577773426513631026999865750268793783696725160812701

8463263442955165041371111408351354858756163813552577773426513631026999865750268793783696725160812911

8463263442955165041371111408351354858756163813552577773426513631026999865750268793783696725160813127

8463263442955165041371111408351354858756163813552577773426513631026999865750268793783696725160813173

8463263442955165041371111408351354858756163813552577773426513631026999865750268793783696725160813361

8463263442955165041371111408351354858756163813552577773426513631026999865750268793783696725160813731

8463263442955165041371111408351354858756163813552577773426513631026999865750268793783696725160813901

8463263442955165041371111408351354858756163813552577773426513631026999865750268793783696725160813959

8463263442955165041371111408351354858756163813552577773426513631026999865750268793783696725160814219

8463263442955165041371111408351354858756163813552577773426513631026999865750268793783696725160814307

57519533710367813687794705651709481497042415803683

57519533710367813687794705651709481497042415803707

57519533710367813687794705651709481497042415803719

57519533710367813687794705651709481497042415803729

57519533710367813687794705651709481497042415804047

57519533710367813687794705651709481497042415804061

57519533710367813687794705651709481497042415804127

57519533710367813687794705651709481497042415804197

57519533710367813687794705651709481497042415804269

57519533710367813687794705651709481497042415804401

57519533710367813687794705651709481497042415804427

57519533710367813687794705651709481497042415804553

57519533710367813687794705651709481497042415804559

57519533710367813687794705651709481497042415804673

57519533710367813687794705651709481497042415804817

57519533710367813687794705651709481497042415805109

57519533710367813687794705651709481497042415805393

57519533710367813687794705651709481497042415805463

57519533710367813687794705651709481497042415805531

57519533710367813687794705651709481497042415805667

57519533710367813687794705651709481497042415805903

57519533710367813687794705651709481497042415805993

57519533710367813687794705651709481497042415806047

57519533710367813687794705651709481497042415806177

57519533710367813687794705651709481497042415806213

57519533710367813687794705651709481497042415806243

57519533710367813687794705651709481497042415806383

57519533710367813687794705651709481497042415806543

57519533710367813687794705651709481497042415806597

57519533710367813687794705651709481497042415806761

57519533710367813687794705651709481497042415806837

57519533710367813687794705651709481497042415807323

57519533710367813687794705651709481497042415807467

57519533710367813687794705651709481497042415807481

57519533710367813687794705651709481497042415807727

57519533710367813687794705651709481497042415808031

57519533710367813687794705651709481497042415808181

57519533710367813687794705651709481497042415808219

57519533710367813687794705651709481497042415808439

57519533710367813687794705651709481497042415808591

57519533710367813687794705651709481497042415808657

57519533710367813687794705651709481497042415808751

57519533710367813687794705651709481497042415808933

57519533710367813687794705651709481497042415809063

57519533710367813687794705651709481497042415809099

57519533710367813687794705651709481497042415809221

57519533710367813687794705651709481497042415809417

57519533710367813687794705651709481497042415809491

57519533710367813687794705651709481497042415809687

57519533710367813687794705651709481497042415809897

57519533710367813687794705651709481497042415809899

57519533710367813687794705651709481497042415809903

57519533710367813687794705651709481497042415810331

57519533710367813687794705651709481497042415810379

57519533710367813687794705651709481497042415810413

57519533710367813687794705651709481497042415810527

57519533710367813687794705651709481497042415810637

57519533710367813687794705651709481497042415810701

57519533710367813687794705651709481497042415810799

57519533710367813687794705651709481497042415810853

57519533710367813687794705651709481497042415810911

57519533710367813687794705651709481497042415810929

57519533710367813687794705651709481497042415810937

57519533710367813687794705651709481497042415811133

57519533710367813687794705651709481497042415811139

57519533710367813687794705651709481497042415811157

57519533710367813687794705651709481497042415811189

57519533710367813687794705651709481497042415811297

57519533710367813687794705651709481497042415811327

57519533710367813687794705651709481497042415811349

57519533710367813687794705651709481497042415811421

57519533710367813687794705651709481497042415811429

57519533710367813687794705651709481497042415811583

57519533710367813687794705651709481497042415811703

57519533710367813687794705651709481497042415811843

57519533710367813687794705651709481497042415811847

57519533710367813687794705651709481497042415811919

57519533710367813687794705651709481497042415811927

57519533710367813687794705651709481497042415811967

57519533710367813687794705651709481497042415812057

57519533710367813687794705651709481497042415812297

57519533710367813687794705651709481497042415812317

57519533710367813687794705651709481497042415812321

57519533710367813687794705651709481497042415812623

57519533710367813687794705651709481497042415812659

57519533710367813687794705651709481497042415812849

57519533710367813687794705651709481497042415812981

57519533710367813687794705651709481497042415813053

57519533710367813687794705651709481497042415813089

57519533710367813687794705651709481497042415813199

57519533710367813687794705651709481497042415813613

57519533710367813687794705651709481497042415813623

57519533710367813687794705651709481497042415813751

57519533710367813687794705651709481497042415813767

57519533710367813687794705651709481497042415813779

57519533710367813687794705651709481497042415813799

57519533710367813687794705651709481497042415813817

57519533710367813687794705651709481497042415813851

57519533710367813687794705651709481497042415813973

57519533710367813687794705651709481497042415814067

57519533710367813687794705651709481497042415814207

57519533710367813687794705651709481497042415814369

57519533710367813687794705651709481497042415814429

57519533710367813687794705651709481497042415814481

57519533710367813687794705651709481497042415814519

57519533710367813687794705651709481497042415814523

57519533710367813687794705651709481497042415814717

57519533710367813687794705651709481497042415814783

57519533710367813687794705651709481497042415814801

57519533710367813687794705651709481497042415814829

57519533710367813687794705651709481497042415815003

57519533710367813687794705651709481497042415815053

57519533710367813687794705651709481497042415815161

57519533710367813687794705651709481497042415815207

57519533710367813687794705651709481497042415815219

57519533710367813687794705651709481497042415815293

57519533710367813687794705651709481497042415815383

57519533710367813687794705651709481497042415815501

57519533710367813687794705651709481497042415815587

57519533710367813687794705651709481497042415815597

57519533710367813687794705651709481497042415815713

57519533710367813687794705651709481497042415815737

57519533710367813687794705651709481497042415815761

57519533710367813687794705651709481497042415816139

57519533710367813687794705651709481497042415816211

57519533710367813687794705651709481497042415816283

57519533710367813687794705651709481497042415816389

57519533710367813687794705651709481497042415816433

57519533710367813687794705651709481497042415816607

57519533710367813687794705651709481497042415816617

57519533710367813687794705651709481497042415816623

57519533710367813687794705651709481497042415816631

57519533710367813687794705651709481497042415816671

57519533710367813687794705651709481497042415816683

57519533710367813687794705651709481497042415816719

57519533710367813687794705651709481497042415816769

57519533710367813687794705651709481497042415816803

57519533710367813687794705651709481497042415817097

57519533710367813687794705651709481497042415817127

57519533710367813687794705651709481497042415817211

57519533710367813687794705651709481497042415817247

57519533710367813687794705651709481497042415817261

57519533710367813687794705651709481497042415817277

57519533710367813687794705651709481497042415817393

57519533710367813687794705651709481497042415817613

57519533710367813687794705651709481497042415817973

57519533710367813687794705651709481497042415818057

57519533710367813687794705651709481497042415818131

57519533710367813687794705651709481497042415818191

57519533710367813687794705651709481497042415818447

57519533710367813687794705651709481497042415818587

57519533710367813687794705651709481497042415818593

57519533710367813687794705651709481497042415818743

57519533710367813687794705651709481497042415818779

57519533710367813687794705651709481497042415819211

57519533710367813687794705651709481497042415819223

57519533710367813687794705651709481497042415819347

57519533710367813687794705651709481497042415819581

57519533710367813687794705651709481497042415819637

57519533710367813687794705651709481497042415819707

57519533710367813687794705651709481497042415819871

57519533710367813687794705651709481497042415819967

57519533710367813687794705651709481497042415820063

57519533710367813687794705651709481497042415820429

57519533710367813687794705651709481497042415820637

57519533710367813687794705651709481497042415820973

57519533710367813687794705651709481497042415821009

57519533710367813687794705651709481497042415821303

57519533710367813687794705651709481497042415821401

57519533710367813687794705651709481497042415821491

57519533710367813687794705651709481497042415821717

57519533710367813687794705651709481497042415821723

57519533710367813687794705651709481497042415821797

57519533710367813687794705651709481497042415821821

57519533710367813687794705651709481497042415821869

57519533710367813687794705651709481497042415822193

57519533710367813687794705651709481497042415822269

57519533710367813687794705651709481497042415822311

57519533710367813687794705651709481497042415822319

57519533710367813687794705651709481497042415822577

57519533710367813687794705651709481497042415822607

57519533710367813687794705651709481497042415822643

57519533710367813687794705651709481497042415822647

57519533710367813687794705651709481497042415822713

57519533710367813687794705651709481497042415823241

57519533710367813687794705651709481497042415823337

57519533710367813687794705651709481497042415823543

57519533710367813687794705651709481497042415823609

57519533710367813687794705651709481497042415823691

57519533710367813687794705651709481497042415823703

57519533710367813687794705651709481497042415823739

57519533710367813687794705651709481497042415823781

57519533710367813687794705651709481497042415824077

57519533710367813687794705651709481497042415824207

57519533710367813687794705651709481497042415824263

57519533710367813687794705651709481497042415824329

57519533710367813687794705651709481497042415824737

57519533710367813687794705651709481497042415825127

57519533710367813687794705651709481497042415825299

57519533710367813687794705651709481497042415825377

57519533710367813687794705651709481497042415825509

57519533710367813687794705651709481497042415825587

57519533710367813687794705651709481497042415825719

57519533710367813687794705651709481497042415825863

57519533710367813687794705651709481497042415825983

57519533710367813687794705651709481497042415825989

57519533710367813687794705651709481497042415826069

57519533710367813687794705651709481497042415826079

57519533710367813687794705651709481497042415826123

57519533710367813687794705651709481497042415826399

57519533710367813687794705651709481497042415826487

57519533710367813687794705651709481497042415826583

57519533710367813687794705651709481497042415826601

57519533710367813687794705651709481497042415826651

57519533710367813687794705651709481497042415826727

57519533710367813687794705651709481497042415826781

57519533710367813687794705651709481497042415826847

57519533710367813687794705651709481497042415826861

57519533710367813687794705651709481497042415826913

57519533710367813687794705651709481497042415826927

57519533710367813687794705651709481497042415827017

57519533710367813687794705651709481497042415827333

57519533710367813687794705651709481497042415827411

57519533710367813687794705651709481497042415827579

57519533710367813687794705651709481497042415827621

57519533710367813687794705651709481497042415827809

57519533710367813687794705651709481497042415828103

57519533710367813687794705651709481497042415828187

57519533710367813687794705651709481497042415828199

57519533710367813687794705651709481497042415828227

57519533710367813687794705651709481497042415828311

57519533710367813687794705651709481497042415828347

57519533710367813687794705651709481497042415828383

57519533710367813687794705651709481497042415828529

57519533710367813687794705651709481497042415828551

57519533710367813687794705651709481497042415828587

57519533710367813687794705651709481497042415828653

57519533710367813687794705651709481497042415828683

57519533710367813687794705651709481497042415828977

57519533710367813687794705651709481497042415829327

57519533710367813687794705651709481497042415829489

57519533710367813687794705651709481497042415829787

57519533710367813687794705651709481497042415829789

57519533710367813687794705651709481497042415830069

57519533710367813687794705651709481497042415830101

57519533710367813687794705651709481497042415830143

57519533710367813687794705651709481497042415830461

57519533710367813687794705651709481497042415830621

57519533710367813687794705651709481497042415830917

57519533710367813687794705651709481497042415831077

57519533710367813687794705651709481497042415831907

57519533710367813687794705651709481497042415832057

57519533710367813687794705651709481497042415832171

57519533710367813687794705651709481497042415832247

57519533710367813687794705651709481497042415832343

57519533710367813687794705651709481497042415832381

57519533710367813687794705651709481497042415832903

57519533710367813687794705651709481497042415832909

57519533710367813687794705651709481497042415833027

57519533710367813687794705651709481497042415833039

57519533710367813687794705651709481497042415833057

57519533710367813687794705651709481497042415833251

57519533710367813687794705651709481497042415833297

57519533710367813687794705651709481497042415833401

57519533710367813687794705651709481497042415833461

57519533710367813687794705651709481497042415833501

57519533710367813687794705651709481497042415833503

57519533710367813687794705651709481497042415833563

57519533710367813687794705651709481497042415833867

57519533710367813687794705651709481497042415833897

57519533710367813687794705651709481497042415834019

57519533710367813687794705651709481497042415834091

57519533710367813687794705651709481497042415834131

57519533710367813687794705651709481497042415834161

57519533710367813687794705651709481497042415834271

57519533710367813687794705651709481497042415834283

57519533710367813687794705651709481497042415834331

57519533710367813687794705651709481497042415834361

57519533710367813687794705651709481497042415834449

57519533710367813687794705651709481497042415834469

57519533710367813687794705651709481497042415834541

57519533710367813687794705651709481497042415834683

57519533710367813687794705651709481497042415834851

57519533710367813687794705651709481497042415834893

57519533710367813687794705651709481497042415834941

57519533710367813687794705651709481497042415834997

57519533710367813687794705651709481497042415835019

57519533710367813687794705651709481497042415835187

57519533710367813687794705651709481497042415835219

57519533710367813687794705651709481497042415835447

57519533710367813687794705651709481497042415835727

57519533710367813687794705651709481497042415835937

57519533710367813687794705651709481497042415836047

57519533710367813687794705651709481497042415836081

57519533710367813687794705651709481497042415836119

57519533710367813687794705651709481497042415836143

57519533710367813687794705651709481497042415836219

57519533710367813687794705651709481497042415836311

57519533710367813687794705651709481497042415836413

57519533710367813687794705651709481497042415836429

57519533710367813687794705651709481497042415836587

57519533710367813687794705651709481497042415836717

57519533710367813687794705651709481497042415836791

57519533710367813687794705651709481497042415836987

57519533710367813687794705651709481497042415837017

57519533710367813687794705651709481497042415837047

57519533710367813687794705651709481497042415837127

57519533710367813687794705651709481497042415837143

57519533710367813687794705651709481497042415837341

57519533710367813687794705651709481497042415837649

57519533710367813687794705651709481497042415837677

57519533710367813687794705651709481497042415837829

57519533710367813687794705651709481497042415837869

57519533710367813687794705651709481497042415838069

57519533710367813687794705651709481497042415838127

57519533710367813687794705651709481497042415838289

57519533710367813687794705651709481497042415838583

57519533710367813687794705651709481497042415838639

57519533710367813687794705651709481497042415838651

57519533710367813687794705651709481497042415838789

57519533710367813687794705651709481497042415838817

57519533710367813687794705651709481497042415839017

57519533710367813687794705651709481497042415839119

57519533710367813687794705651709481497042415839167

57519533710367813687794705651709481497042415839227

57519533710367813687794705651709481497042415839369

57519533710367813687794705651709481497042415839561

57519533710367813687794705651709481497042415839657

57519533710367813687794705651709481497042415839731

57519533710367813687794705651709481497042415839777

57519533710367813687794705651709481497042415839821

57519533710367813687794705651709481497042415840049

57519533710367813687794705651709481497042415840197

57519533710367813687794705651709481497042415840377

57519533710367813687794705651709481497042415840427

57519533710367813687794705651709481497042415840437

57519533710367813687794705651709481497042415840589

57519533710367813687794705651709481497042415840673

57519533710367813687794705651709481497042415840889

57519533710367813687794705651709481497042415840959

57519533710367813687794705651709481497042415841211

57519533710367813687794705651709481497042415841249

57519533710367813687794705651709481497042415841417

57519533710367813687794705651709481497042415841591

57519533710367813687794705651709481497042415841723

57519533710367813687794705651709481497042415841763

57519533710367813687794705651709481497042415841843

57519533710367813687794705651709481497042415841957

57519533710367813687794705651709481497042415841987

57519533710367813687794705651709481497042415842201

57519533710367813687794705651709481497042415842303

57519533710367813687794705651709481497042415842467

57519533710367813687794705651709481497042415842587

57519533710367813687794705651709481497042415842633

57519533710367813687794705651709481497042415842681

57519533710367813687794705651709481497042415842701

57519533710367813687794705651709481497042415842813

57519533710367813687794705651709481497042415843007

57519533710367813687794705651709481497042415843247

57519533710367813687794705651709481497042415843313

57519533710367813687794705651709481497042415843359

57519533710367813687794705651709481497042415843403

57519533710367813687794705651709481497042415843479

57519533710367813687794705651709481497042415843683

57519533710367813687794705651709481497042415843811

57519533710367813687794705651709481497042415844297

57519533710367813687794705651709481497042415844519

57519533710367813687794705651709481497042415844579

57519533710367813687794705651709481497042415844669

57519533710367813687794705651709481497042415844717

57519533710367813687794705651709481497042415844813

57519533710367813687794705651709481497042415844861

57519533710367813687794705651709481497042415844903

57519533710367813687794705651709481497042415844909

57519533710367813687794705651709481497042415844997

57519533710367813687794705651709481497042415845023

57519533710367813687794705651709481497042415845039

57519533710367813687794705651709481497042415845089

57519533710367813687794705651709481497042415845099

57519533710367813687794705651709481497042415845189

57519533710367813687794705651709481497042415845239

57519533710367813687794705651709481497042415845279

57519533710367813687794705651709481497042415845323

57519533710367813687794705651709481497042415845369

57519533710367813687794705651709481497042415845461

57519533710367813687794705651709481497042415845537

57519533710367813687794705651709481497042415845569

57519533710367813687794705651709481497042415845617

57519533710367813687794705651709481497042415845893

57519533710367813687794705651709481497042415845971

57519533710367813687794705651709481497042415846059

57519533710367813687794705651709481497042415846133

57519533710367813687794705651709481497042415846383

57519533710367813687794705651709481497042415846643

57519533710367813687794705651709481497042415846707

57519533710367813687794705651709481497042415847013

57519533710367813687794705651709481497042415847069

57519533710367813687794705651709481497042415847093

57519533710367813687794705651709481497042415847109

57519533710367813687794705651709481497042415847309

57519533710367813687794705651709481497042415847501

57519533710367813687794705651709481497042415847613

57519533710367813687794705651709481497042415847709

57519533710367813687794705651709481497042415847741

57519533710367813687794705651709481497042415847969

57519533710367813687794705651709481497042415847973

57519533710367813687794705651709481497042415848039

57519533710367813687794705651709481497042415848143

57519533710367813687794705651709481497042415848207

57519533710367813687794705651709481497042415848359

57519533710367813687794705651709481497042415848383

57519533710367813687794705651709481497042415848791

57519533710367813687794705651709481497042415848891

57519533710367813687794705651709481497042415848917

57519533710367813687794705651709481497042415848983

57519533710367813687794705651709481497042415849017

57519533710367813687794705651709481497042415849061

57519533710367813687794705651709481497042415849127

57519533710367813687794705651709481497042415849211

57519533710367813687794705651709481497042415849247

57519533710367813687794705651709481497042415849253

57519533710367813687794705651709481497042415849373

57519533710367813687794705651709481497042415849397

57519533710367813687794705651709481497042415849403

57519533710367813687794705651709481497042415849433

57519533710367813687794705651709481497042415849463

57519533710367813687794705651709481497042415849737

57519533710367813687794705651709481497042415849797

57519533710367813687794705651709481497042415849839

57519533710367813687794705651709481497042415849881

57519533710367813687794705651709481497042415849899

57519533710367813687794705651709481497042415850079

57519533710367813687794705651709481497042415850151

57519533710367813687794705651709481497042415850189

57519533710367813687794705651709481497042415850193

57519533710367813687794705651709481497042415850601

57519533710367813687794705651709481497042415850739

57519533710367813687794705651709481497042415850787

57519533710367813687794705651709481497042415851029

57519533710367813687794705651709481497042415851101

57519533710367813687794705651709481497042415851167

57519533710367813687794705651709481497042415851279

57519533710367813687794705651709481497042415851623

57519533710367813687794705651709481497042415851677

57519533710367813687794705651709481497042415851699

57519533710367813687794705651709481497042415851749

57519533710367813687794705651709481497042415851873

57519533710367813687794705651709481497042415851929

57519533710367813687794705651709481497042415852061

57519533710367813687794705651709481497042415852209

57519533710367813687794705651709481497042415852383

57519533710367813687794705651709481497042415852803

57519533710367813687794705651709481497042415852817

57519533710367813687794705651709481497042415852937

57519533710367813687794705651709481497042415852967

57519533710367813687794705651709481497042415853043

57519533710367813687794705651709481497042415853289

57519533710367813687794705651709481497042415853381

57519533710367813687794705651709481497042415853469

57519533710367813687794705651709481497042415853549

57519533710367813687794705651709481497042415853727

57519533710367813687794705651709481497042415853801

57519533710367813687794705651709481497042415853847

57519533710367813687794705651709481497042415853967

57519533710367813687794705651709481497042415854021

57519533710367813687794705651709481497042415854041

57519533710367813687794705651709481497042415854093

57519533710367813687794705651709481497042415854209

57519533710367813687794705651709481497042415854261

57519533710367813687794705651709481497042415854321

57519533710367813687794705651709481497042415854429

57519533710367813687794705651709481497042415854557

57519533710367813687794705651709481497042415854653

57519533710367813687794705651709481497042415854771

57519533710367813687794705651709481497042415854863

57519533710367813687794705651709481497042415854869

57519533710367813687794705651709481497042415854941

57519533710367813687794705651709481497042415854981

57519533710367813687794705651709481497042415855161

57519533710367813687794705651709481497042415855317

57519533710367813687794705651709481497042415855421

57519533710367813687794705651709481497042415855581

57519533710367813687794705651709481497042415855623

57519533710367813687794705651709481497042415855781

57519533710367813687794705651709481497042415855803

57519533710367813687794705651709481497042415855877

57519533710367813687794705651709481497042415855929

57519533710367813687794705651709481497042415856391

57519533710367813687794705651709481497042415856543

57519533710367813687794705651709481497042415856723

57519533710367813687794705651709481497042415856963

57519533710367813687794705651709481497042415857107

57519533710367813687794705651709481497042415857233

57519533710367813687794705651709481497042415857257

57519533710367813687794705651709481497042415857291

57519533710367813687794705651709481497042415857419

57519533710367813687794705651709481497042415857551

57519533710367813687794705651709481497042415857639

57519533710367813687794705651709481497042415857887

57519533710367813687794705651709481497042415858113

57519533710367813687794705651709481497042415858127

57519533710367813687794705651709481497042415858239

57519533710367813687794705651709481497042415858353

57519533710367813687794705651709481497042415858379

57519533710367813687794705651709481497042415858637

57519533710367813687794705651709481497042415858749

57519533710367813687794705651709481497042415858851

57519533710367813687794705651709481497042415858983

57519533710367813687794705651709481497042415859099

57519533710367813687794705651709481497042415859307

57519533710367813687794705651709481497042415859319

57519533710367813687794705651709481497042415859399

57519533710367813687794705651709481497042415859429

57519533710367813687794705651709481497042415859513

57519533710367813687794705651709481497042415859813

57519533710367813687794705651709481497042415859817

57519533710367813687794705651709481497042415860113

57519533710367813687794705651709481497042415860117

57519533710367813687794705651709481497042415860183

57519533710367813687794705651709481497042415860371

57519533710367813687794705651709481497042415860509

57519533710367813687794705651709481497042415860531

57519533710367813687794705651709481497042415860633

57519533710367813687794705651709481497042415860677

57519533710367813687794705651709481497042415860681

57519533710367813687794705651709481497042415860839

57519533710367813687794705651709481497042415860917

57519533710367813687794705651709481497042415860993

57519533710367813687794705651709481497042415861049

57519533710367813687794705651709481497042415861209

57519533710367813687794705651709481497042415861211

57519533710367813687794705651709481497042415861253

57519533710367813687794705651709481497042415861367

57519533710367813687794705651709481497042415861377

57519533710367813687794705651709481497042415861581

57519533710367813687794705651709481497042415861611

57519533710367813687794705651709481497042415861713

57519533710367813687794705651709481497042415862019

57519533710367813687794705651709481497042415862177

57519533710367813687794705651709481497042415862217

57519533710367813687794705651709481497042415862471

57519533710367813687794705651709481497042415862571

57519533710367813687794705651709481497042415862771

57519533710367813687794705651709481497042415862901

57519533710367813687794705651709481497042415862999

57519533710367813687794705651709481497042415863083

57519533710367813687794705651709481497042415863129

57519533710367813687794705651709481497042415863137

57519533710367813687794705651709481497042415863191

57519533710367813687794705651709481497042415863341

57519533710367813687794705651709481497042415863459

57519533710367813687794705651709481497042415863593

57519533710367813687794705651709481497042415863737

57519533710367813687794705651709481497042415864181

57519533710367813687794705651709481497042415864263

57519533710367813687794705651709481497042415864727

57519533710367813687794705651709481497042415865031

57519533710367813687794705651709481497042415865117

57519533710367813687794705651709481497042415865211

57519533710367813687794705651709481497042415865391

57519533710367813687794705651709481497042415865417

57519533710367813687794705651709481497042415865441

57519533710367813687794705651709481497042415865969

57519533710367813687794705651709481497042415866159

57519533710367813687794705651709481497042415866179

57519533710367813687794705651709481497042415866251

57519533710367813687794705651709481497042415866513

57519533710367813687794705651709481497042415866809

57519533710367813687794705651709481497042415866909

57519533710367813687794705651709481497042415867043

57519533710367813687794705651709481497042415867121

57519533710367813687794705651709481497042415867209

57519533710367813687794705651709481497042415867223

57519533710367813687794705651709481497042415867299

57519533710367813687794705651709481497042415867341

57519533710367813687794705651709481497042415867353

57519533710367813687794705651709481497042415867407

57519533710367813687794705651709481497042415867539

57519533710367813687794705651709481497042415867661

57519533710367813687794705651709481497042415867691

57519533710367813687794705651709481497042415867707

57519533710367813687794705651709481497042415868049

57519533710367813687794705651709481497042415868123

57519533710367813687794705651709481497042415868183

57519533710367813687794705651709481497042415868307

57519533710367813687794705651709481497042415868393

57519533710367813687794705651709481497042415868541

57519533710367813687794705651709481497042415868693

57519533710367813687794705651709481497042415868907

57519533710367813687794705651709481497042415868961

57519533710367813687794705651709481497042415868993

57519533710367813687794705651709481497042415869087

57519533710367813687794705651709481497042415869191

57519533710367813687794705651709481497042415869261

57519533710367813687794705651709481497042415869357

57519533710367813687794705651709481497042415869521

57519533710367813687794705651709481497042415869737

57519533710367813687794705651709481497042415869873

57519533710367813687794705651709481497042415869933

57519533710367813687794705651709481497042415869947

57519533710367813687794705651709481497042415870017

57519533710367813687794705651709481497042415870191

57519533710367813687794705651709481497042415870317

57519533710367813687794705651709481497042415870419

57519533710367813687794705651709481497042415870661

57519533710367813687794705651709481497042415870859

57519533710367813687794705651709481497042415870901

57519533710367813687794705651709481497042415871147

57519533710367813687794705651709481497042415871307

57519533710367813687794705651709481497042415871363

57519533710367813687794705651709481497042415871489

57519533710367813687794705651709481497042415871733

57519533710367813687794705651709481497042415871819

57519533710367813687794705651709481497042415871879

57519533710367813687794705651709481497042415872017

57519533710367813687794705651709481497042415872033

57519533710367813687794705651709481497042415872117

57519533710367813687794705651709481497042415872293

57519533710367813687794705651709481497042415872447

57519533710367813687794705651709481497042415872767

57519533710367813687794705651709481497042415872789

57519533710367813687794705651709481497042415872833

57519533710367813687794705651709481497042415872893

57519533710367813687794705651709481497042415872909

57519533710367813687794705651709481497042415873037

57519533710367813687794705651709481497042415873067

57519533710367813687794705651709481497042415873079

57519533710367813687794705651709481497042415873197

57519533710367813687794705651709481497042415873221

57519533710367813687794705651709481497042415873587

57519533710367813687794705651709481497042415873613

57519533710367813687794705651709481497042415873629

57519533710367813687794705651709481497042415873637

57519533710367813687794705651709481497042415873641

57519533710367813687794705651709481497042415873743

57519533710367813687794705651709481497042415873859

57519533710367813687794705651709481497042415874717

57519533710367813687794705651709481497042415875261

57519533710367813687794705651709481497042415875399

57519533710367813687794705651709481497042415875423

57519533710367813687794705651709481497042415875801

57519533710367813687794705651709481497042415875819

57519533710367813687794705651709481497042415875833

57519533710367813687794705651709481497042415875867

57519533710367813687794705651709481497042415875879

57519533710367813687794705651709481497042415875911

57519533710367813687794705651709481497042415875989

57519533710367813687794705651709481497042415876023

57519533710367813687794705651709481497042415876037

57519533710367813687794705651709481497042415876127

57519533710367813687794705651709481497042415876359

57519533710367813687794705651709481497042415876491

57519533710367813687794705651709481497042415876569

57519533710367813687794705651709481497042415876589

57519533710367813687794705651709481497042415876719

57519533710367813687794705651709481497042415876731

57519533710367813687794705651709481497042415876863

57519533710367813687794705651709481497042415877057

57519533710367813687794705651709481497042415877201

57519533710367813687794705651709481497042415877223

57519533710367813687794705651709481497042415877249

57519533710367813687794705651709481497042415877337

57519533710367813687794705651709481497042415877429

57519533710367813687794705651709481497042415877507

57519533710367813687794705651709481497042415877669

57519533710367813687794705651709481497042415877957

57519533710367813687794705651709481497042415878083

57519533710367813687794705651709481497042415878153

57519533710367813687794705651709481497042415878213

57519533710367813687794705651709481497042415878287

57519533710367813687794705651709481497042415878327

57519533710367813687794705651709481497042415878443

57519533710367813687794705651709481497042415878623

57519533710367813687794705651709481497042415878653

57519533710367813687794705651709481497042415878909

57519533710367813687794705651709481497042415879047

57519533710367813687794705651709481497042415879077

57519533710367813687794705651709481497042415879227

57519533710367813687794705651709481497042415879341

57519533710367813687794705651709481497042415879641

57519533710367813687794705651709481497042415879803

57519533710367813687794705651709481497042415880103

57519533710367813687794705651709481497042415880133

57519533710367813687794705651709481497042415880169

57519533710367813687794705651709481497042415880289

57519533710367813687794705651709481497042415880417

57519533710367813687794705651709481497042415880453

57519533710367813687794705651709481497042415880483

57519533710367813687794705651709481497042415880693

57519533710367813687794705651709481497042415880763

57519533710367813687794705651709481497042415880807

57519533710367813687794705651709481497042415880859

57519533710367813687794705651709481497042415880897

57519533710367813687794705651709481497042415881047

57519533710367813687794705651709481497042415881147

57519533710367813687794705651709481497042415881293

57519533710367813687794705651709481497042415881519

57519533710367813687794705651709481497042415881743

57519533710367813687794705651709481497042415881777

57519533710367813687794705651709481497042415882121

57519533710367813687794705651709481497042415882343

57519533710367813687794705651709481497042415882403

57519533710367813687794705651709481497042415882491

57519533710367813687794705651709481497042415882737

57519533710367813687794705651709481497042415882743

57519533710367813687794705651709481497042415882809

57519533710367813687794705651709481497042415882919

57519533710367813687794705651709481497042415883073

57519533710367813687794705651709481497042415883177

57519533710367813687794705651709481497042415883193

57519533710367813687794705651709481497042415883319

57519533710367813687794705651709481497042415883357

57519533710367813687794705651709481497042415883541

57519533710367813687794705651709481497042415883561

57519533710367813687794705651709481497042415883591

57519533710367813687794705651709481497042415883603

57519533710367813687794705651709481497042415883763

57519533710367813687794705651709481497042415883873

57519533710367813687794705651709481497042415883961

57519533710367813687794705651709481497042415884017

57519533710367813687794705651709481497042415884041

57519533710367813687794705651709481497042415884293

57519533710367813687794705651709481497042415884333

57519533710367813687794705651709481497042415884351

57519533710367813687794705651709481497042415884383

57519533710367813687794705651709481497042415884437

57519533710367813687794705651709481497042415884509

57519533710367813687794705651709481497042415884633

57519533710367813687794705651709481497042415884681

57519533710367813687794705651709481497042415884879

57519533710367813687794705651709481497042415885083

57519533710367813687794705651709481497042415885091

57519533710367813687794705651709481497042415885137

57519533710367813687794705651709481497042415885443

57519533710367813687794705651709481497042415885461

57519533710367813687794705651709481497042415885581

57519533710367813687794705651709481497042415885611

57519533710367813687794705651709481497042415885811

57519533710367813687794705651709481497042415885887

57519533710367813687794705651709481497042415886019

57519533710367813687794705651709481497042415886183

57519533710367813687794705651709481497042415886267

57519533710367813687794705651709481497042415886847

57519533710367813687794705651709481497042415886867

57519533710367813687794705651709481497042415886879

57519533710367813687794705651709481497042415887053

57519533710367813687794705651709481497042415887189

57519533710367813687794705651709481497042415887231

57519533710367813687794705651709481497042415887447

57519533710367813687794705651709481497042415887461

57519533710367813687794705651709481497042415887483

57519533710367813687794705651709481497042415887593

57519533710367813687794705651709481497042415888029

57519533710367813687794705651709481497042415888233

57519533710367813687794705651709481497042415888269

57519533710367813687794705651709481497042415888397

57519533710367813687794705651709481497042415888467

57519533710367813687794705651709481497042415888749

57519533710367813687794705651709481497042415889501

57519533710367813687794705651709481497042415889693

57519533710367813687794705651709481497042415889853

57519533710367813687794705651709481497042415890087

57519533710367813687794705651709481497042415890107

57519533710367813687794705651709481497042415890141

57519533710367813687794705651709481497042415890203

57519533710367813687794705651709481497042415890257

57519533710367813687794705651709481497042415890519

57519533710367813687794705651709481497042415890543

57519533710367813687794705651709481497042415890653

57519533710367813687794705651709481497042415890959

57519533710367813687794705651709481497042415890983

57519533710367813687794705651709481497042415891019

57519533710367813687794705651709481497042415891107

57519533710367813687794705651709481497042415891199

57519533710367813687794705651709481497042415891589

57519533710367813687794705651709481497042415891629

57519533710367813687794705651709481497042415892097

57519533710367813687794705651709481497042415892111

57519533710367813687794705651709481497042415892163

57519533710367813687794705651709481497042415892423

57519533710367813687794705651709481497042415892721

57519533710367813687794705651709481497042415892739

57519533710367813687794705651709481497042415892999

57519533710367813687794705651709481497042415893071

57519533710367813687794705651709481497042415893213

57519533710367813687794705651709481497042415893221

57519533710367813687794705651709481497042415893263

57519533710367813687794705651709481497042415893321

57519533710367813687794705651709481497042415893351

57519533710367813687794705651709481497042415893497

57519533710367813687794705651709481497042415893567

57519533710367813687794705651709481497042415893767

57519533710367813687794705651709481497042415893843

57519533710367813687794705651709481497042415893873

57519533710367813687794705651709481497042415893879

57519533710367813687794705651709481497042415893941

57519533710367813687794705651709481497042415894071

57519533710367813687794705651709481497042415894127

57519533710367813687794705651709481497042415894209

57519533710367813687794705651709481497042415894491

57519533710367813687794705651709481497042415894547

57519533710367813687794705651709481497042415894757

57519533710367813687794705651709481497042415894833

57519533710367813687794705651709481497042415894881

57519533710367813687794705651709481497042415895063

57519533710367813687794705651709481497042415895309

57519533710367813687794705651709481497042415895321

57519533710367813687794705651709481497042415895483

57519533710367813687794705651709481497042415895651

57519533710367813687794705651709481497042415895679

57519533710367813687794705651709481497042415895717

57519533710367813687794705651709481497042415895741

57519533710367813687794705651709481497042415895939

57519533710367813687794705651709481497042415896081

57519533710367813687794705651709481497042415896179

57519533710367813687794705651709481497042415896311

57519533710367813687794705651709481497042415896317

57519533710367813687794705651709481497042415897017

57519533710367813687794705651709481497042415897043

57519533710367813687794705651709481497042415897281

57519533710367813687794705651709481497042415897311

57519533710367813687794705651709481497042415897341

57519533710367813687794705651709481497042415897509

57519533710367813687794705651709481497042415897569

57519533710367813687794705651709481497042415897619

57519533710367813687794705651709481497042415897709

57519533710367813687794705651709481497042415897737

57519533710367813687794705651709481497042415897883

57519533710367813687794705651709481497042415898237

57519533710367813687794705651709481497042415898247

57519533710367813687794705651709481497042415898381

57519533710367813687794705651709481497042415898459

57519533710367813687794705651709481497042415898621

57519533710367813687794705651709481497042415898673

57519533710367813687794705651709481497042415899101

57519533710367813687794705651709481497042415899219

57519533710367813687794705651709481497042415899387

57519533710367813687794705651709481497042415899413

57519533710367813687794705651709481497042415899437

57519533710367813687794705651709481497042415899483

57519533710367813687794705651709481497042415899539

57519533710367813687794705651709481497042415899599

57519533710367813687794705651709481497042415899657

57519533710367813687794705651709481497042415899699

57519533710367813687794705651709481497042415899767

57519533710367813687794705651709481497042415899833

57519533710367813687794705651709481497042415899849

57519533710367813687794705651709481497042415900209

57519533710367813687794705651709481497042415900523

57519533710367813687794705651709481497042415900689

57519533710367813687794705651709481497042415900721

57519533710367813687794705651709481497042415900757

57519533710367813687794705651709481497042415900781

57519533710367813687794705651709481497042415900811

57519533710367813687794705651709481497042415900817

57519533710367813687794705651709481497042415900887

57519533710367813687794705651709481497042415900893

57519533710367813687794705651709481497042415900941

57519533710367813687794705651709481497042415901021

57519533710367813687794705651709481497042415901153

57519533710367813687794705651709481497042415901219

57519533710367813687794705651709481497042415901321

57519533710367813687794705651709481497042415901351

57519533710367813687794705651709481497042415901583

57519533710367813687794705651709481497042415901901

57519533710367813687794705651709481497042415902077

57519533710367813687794705651709481497042415902093

57519533710367813687794705651709481497042415902399

57519533710367813687794705651709481497042415902407

57519533710367813687794705651709481497042415902657

57519533710367813687794705651709481497042415902687

57519533710367813687794705651709481497042415902713

57519533710367813687794705651709481497042415902857

57519533710367813687794705651709481497042415902917

57519533710367813687794705651709481497042415903001

57519533710367813687794705651709481497042415903301

57519533710367813687794705651709481497042415903391

7450221554340685183261603302817018360502133495759270759152792825465737988822868542050870839629222767

7450221554340685183261603302817018360502133495759270759152792825465737988822868542050870839629222783

7450221554340685183261603302817018360502133495759270759152792825465737988822868542050870839629223011

7450221554340685183261603302817018360502133495759270759152792825465737988822868542050870839629223109

7450221554340685183261603302817018360502133495759270759152792825465737988822868542050870839629223187
