
23703464231570026561997707795021836530517229551074841212288575702474743909480258476148596243889226332960078148088610051229051896697298106781514672640555721479077477258961031319597475921781888842891706782216762528547915181160144886716372584044070837940567907145234674734552578805957589112806449322779762815771911798695859540464210509527418168453970668172173418714082999464771741097388331637787723363119571946292547801194691026711873290121700405011801528157432953597162587517918279641975738457642586197

23703464231570026561997707795021836530517229551074841212288575702474743909480258476148596243889226332960078148088610051229051896697298106781514672640555721479077477258961031319597475921781888842891706782216762528547915181160144886716372584044070837940567907145234674734552578805957589112806449322779762815771911798695859540464210509527418168453970668172173418714082999464771741097388331637787723363119571946292547801194691026711873290121700405011801528157432953597162587517918279641975738457642587229

23703464231570026561997707795021836530517229551074841212288575702474743909480258476148596243889226332960078148088610051229051896697298106781514672640555721479077477258961031319597475921781888842891706782216762528547915181160144886716372584044070837940567907145234674734552578805957589112806449322779762815771911798695859540464210509527418168453970668172173418714082999464771741097388331637787723363119571946292547801194691026711873290121700405011801528157432953597162587517918279641975738457642587359

23703464231570026561997707795021836530517229551074841212288575702474743909480258476148596243889226332960078148088610051229051896697298106781514672640555721479077477258961031319597475921781888842891706782216762528547915181160144886716372584044070837940567907145234674734552578805957589112806449322779762815771911798695859540464210509527418168453970668172173418714082999464771741097388331637787723363119571946292547801194691026711873290121700405011801528157432953597162587517918279641975738457642587547

23703464231570026561997707795021836530517229551074841212288575702474743909480258476148596243889226332960078148088610051229051896697298106781514672640555721479077477258961031319597475921781888842891706782216762528547915181160144886716372584044070837940567907145234674734552578805957589112806449322779762815771911798695859540464210509527418168453970668172173418714082999464771741097388331637787723363119571946292547801194691026711873290121700405011801528157432953597162587517918279641975738457642588399

23703464231570026561997707795021836530517229551074841212288575702474743909480258476148596243889226332960078148088610051229051896697298106781514672640555721479077477258961031319597475921781888842891706782216762528547915181160144886716372584044070837940567907145234674734552578805957589112806449322779762815771911798695859540464210509527418168453970668172173418714082999464771741097388331637787723363119571946292547801194691026711873290121700405011801528157432953597162587517918279641975738457642589057

23703464231570026561997707795021836530517229551074841212288575702474743909480258476148596243889226332960078148088610051229051896697298106781514672640555721479077477258961031319597475921781888842891706782216762528547915181160144886716372584044070837940567907145234674734552578805957589112806449322779762815771911798695859540464210509527418168453970668172173418714082999464771741097388331637787723363119571946292547801194691026711873290121700405011801528157432953597162587517918279641975738457642591741

23703464231570026561997707795021836530517229551074841212288575702474743909480258476148596243889226332960078148088610051229051896697298106781514672640555721479077477258961031319597475921781888842891706782216762528547915181160144886716372584044070837940567907145234674734552578805957589112806449322779762815771911798695859540464210509527418168453970668172173418714082999464771741097388331637787723363119571946292547801194691026711873290121700405011801528157432953597162587517918279641975738457642592753

23703464231570026561997707795021836530517229551074841212288575702474743909480258476148596243889226332960078148088610051229051896697298106781514672640555721479077477258961031319597475921781888842891706782216762528547915181160144886716372584044070837940567907145234674734552578805957589112806449322779762815771911798695859540464210509527418168453970668172173418714082999464771741097388331637787723363119571946292547801194691026711873290121700405011801528157432953597162587517918279641975738457642592819

23703464231570026561997707795021836530517229551074841212288575702474743909480258476148596243889226332960078148088610051229051896697298106781514672640555721479077477258961031319597475921781888842891706782216762528547915181160144886716372584044070837940567907145234674734552578805957589112806449322779762815771911798695859540464210509527418168453970668172173418714082999464771741097388331637787723363119571946292547801194691026711873290121700405011801528157432953597162587517918279641975738457642592957

23703464231570026561997707795021836530517229551074841212288575702474743909480258476148596243889226332960078148088610051229051896697298106781514672640555721479077477258961031319597475921781888842891706782216762528547915181160144886716372584044070837940567907145234674734552578805957589112806449322779762815771911798695859540464210509527418168453970668172173418714082999464771741097388331637787723363119571946292547801194691026711873290121700405011801528157432953597162587517918279641975738457642593977

23703464231570026561997707795021836530517229551074841212288575702474743909480258476148596243889226332960078148088610051229051896697298106781514672640555721479077477258961031319597475921781888842891706782216762528547915181160144886716372584044070837940567907145234674734552578805957589112806449322779762815771911798695859540464210509527418168453970668172173418714082999464771741097388331637787723363119571946292547801194691026711873290121700405011801528157432953597162587517918279641975738457642595497

23703464231570026561997707795021836530517229551074841212288575702474743909480258476148596243889226332960078148088610051229051896697298106781514672640555721479077477258961031319597475921781888842891706782216762528547915181160144886716372584044070837940567907145234674734552578805957589112806449322779762815771911798695859540464210509527418168453970668172173418714082999464771741097388331637787723363119571946292547801194691026711873290121700405011801528157432953597162587517918279641975738457642595833

23703464231570026561997707795021836530517229551074841212288575702474743909480258476148596243889226332960078148088610051229051896697298106781514672640555721479077477258961031319597475921781888842891706782216762528547915181160144886716372584044070837940567907145234674734552578805957589112806449322779762815771911798695859540464210509527418168453970668172173418714082999464771741097388331637787723363119571946292547801194691026711873290121700405011801528157432953597162587517918279641975738457642599791

23703464231570026561997707795021836530517229551074841212288575702474743909480258476148596243889226332960078148088610051229051896697298106781514672640555721479077477258961031319597475921781888842891706782216762528547915181160144886716372584044070837940567907145234674734552578805957589112806449322779762815771911798695859540464210509527418168453970668172173418714082999464771741097388331637787723363119571946292547801194691026711873290121700405011801528157432953597162587517918279641975738457642600231

23703464231570026561997707795021836530517229551074841212288575702474743909480258476148596243889226332960078148088610051229051896697298106781514672640555721479077477258961031319597475921781888842891706782216762528547915181160144886716372584044070837940567907145234674734552578805957589112806449322779762815771911798695859540464210509527418168453970668172173418714082999464771741097388331637787723363119571946292547801194691026711873290121700405011801528157432953597162587517918279641975738457642601581

23703464231570026561997707795021836530517229551074841212288575702474743909480258476148596243889226332960078148088610051229051896697298106781514672640555721479077477258961031319597475921781888842891706782216762528547915181160144886716372584044070837940567907145234674734552578805957589112806449322779762815771911798695859540464210509527418168453970668172173418714082999464771741097388331637787723363119571946292547801194691026711873290121700405011801528157432953597162587517918279641975738457642602761

23703464231570026561997707795021836530517229551074841212288575702474743909480258476148596243889226332960078148088610051229051896697298106781514672640555721479077477258961031319597475921781888842891706782216762528547915181160144886716372584044070837940567907145234674734552578805957589112806449322779762815771911798695859540464210509527418168453970668172173418714082999464771741097388331637787723363119571946292547801194691026711873290121700405011801528157432953597162587517918279641975738457642606741

23703464231570026561997707795021836530517229551074841212288575702474743909480258476148596243889226332960078148088610051229051896697298106781514672640555721479077477258961031319597475921781888842891706782216762528547915181160144886716372584044070837940567907145234674734552578805957589112806449322779762815771911798695859540464210509527418168453970668172173418714082999464771741097388331637787723363119571946292547801194691026711873290121700405011801528157432953597162587517918279641975738457642607221

23703464231570026561997707795021836530517229551074841212288575702474743909480258476148596243889226332960078148088610051229051896697298106781514672640555721479077477258961031319597475921781888842891706782216762528547915181160144886716372584044070837940567907145234674734552578805957589112806449322779762815771911798695859540464210509527418168453970668172173418714082999464771741097388331637787723363119571946292547801194691026711873290121700405011801528157432953597162587517918279641975738457642607267

23703464231570026561997707795021836530517229551074841212288575702474743909480258476148596243889226332960078148088610051229051896697298106781514672640555721479077477258961031319597475921781888842891706782216762528547915181160144886716372584044070837940567907145234674734552578805957589112806449322779762815771911798695859540464210509527418168453970668172173418714082999464771741097388331637787723363119571946292547801194691026711873290121700405011801528157432953597162587517918279641975738457642608319

23703464231570026561997707795021836530517229551074841212288575702474743909480258476148596243889226332960078148088610051229051896697298106781514672640555721479077477258961031319597475921781888842891706782216762528547915181160144886716372584044070837940567907145234674734552578805957589112806449322779762815771911798695859540464210509527418168453970668172173418714082999464771741097388331637787723363119571946292547801194691026711873290121700405011801528157432953597162587517918279641975738457642608329

23703464231570026561997707795021836530517229551074841212288575702474743909480258476148596243889226332960078148088610051229051896697298106781514672640555721479077477258961031319597475921781888842891706782216762528547915181160144886716372584044070837940567907145234674734552578805957589112806449322779762815771911798695859540464210509527418168453970668172173418714082999464771741097388331637787723363119571946292547801194691026711873290121700405011801528157432953597162587517918279641975738457642609061

23703464231570026561997707795021836530517229551074841212288575702474743909480258476148596243889226332960078148088610051229051896697298106781514672640555721479077477258961031319597475921781888842891706782216762528547915181160144886716372584044070837940567907145234674734552578805957589112806449322779762815771911798695859540464210509527418168453970668172173418714082999464771741097388331637787723363119571946292547801194691026711873290121700405011801528157432953597162587517918279641975738457642609531

23703464231570026561997707795021836530517229551074841212288575702474743909480258476148596243889226332960078148088610051229051896697298106781514672640555721479077477258961031319597475921781888842891706782216762528547915181160144886716372584044070837940567907145234674734552578805957589112806449322779762815771911798695859540464210509527418168453970668172173418714082999464771741097388331637787723363119571946292547801194691026711873290121700405011801528157432953597162587517918279641975738457642611667

23703464231570026561997707795021836530517229551074841212288575702474743909480258476148596243889226332960078148088610051229051896697298106781514672640555721479077477258961031319597475921781888842891706782216762528547915181160144886716372584044070837940567907145234674734552578805957589112806449322779762815771911798695859540464210509527418168453970668172173418714082999464771741097388331637787723363119571946292547801194691026711873290121700405011801528157432953597162587517918279641975738457642612181

23703464231570026561997707795021836530517229551074841212288575702474743909480258476148596243889226332960078148088610051229051896697298106781514672640555721479077477258961031319597475921781888842891706782216762528547915181160144886716372584044070837940567907145234674734552578805957589112806449322779762815771911798695859540464210509527418168453970668172173418714082999464771741097388331637787723363119571946292547801194691026711873290121700405011801528157432953597162587517918279641975738457642613207

23703464231570026561997707795021836530517229551074841212288575702474743909480258476148596243889226332960078148088610051229051896697298106781514672640555721479077477258961031319597475921781888842891706782216762528547915181160144886716372584044070837940567907145234674734552578805957589112806449322779762815771911798695859540464210509527418168453970668172173418714082999464771741097388331637787723363119571946292547801194691026711873290121700405011801528157432953597162587517918279641975738457642613909

23703464231570026561997707795021836530517229551074841212288575702474743909480258476148596243889226332960078148088610051229051896697298106781514672640555721479077477258961031319597475921781888842891706782216762528547915181160144886716372584044070837940567907145234674734552578805957589112806449322779762815771911798695859540464210509527418168453970668172173418714082999464771741097388331637787723363119571946292547801194691026711873290121700405011801528157432953597162587517918279641975738457642614001

23703464231570026561997707795021836530517229551074841212288575702474743909480258476148596243889226332960078148088610051229051896697298106781514672640555721479077477258961031319597475921781888842891706782216762528547915181160144886716372584044070837940567907145234674734552578805957589112806449322779762815771911798695859540464210509527418168453970668172173418714082999464771741097388331637787723363119571946292547801194691026711873290121700405011801528157432953597162587517918279641975738457642614137

23703464231570026561997707795021836530517229551074841212288575702474743909480258476148596243889226332960078148088610051229051896697298106781514672640555721479077477258961031319597475921781888842891706782216762528547915181160144886716372584044070837940567907145234674734552578805957589112806449322779762815771911798695859540464210509527418168453970668172173418714082999464771741097388331637787723363119571946292547801194691026711873290121700405011801528157432953597162587517918279641975738457642614403

23703464231570026561997707795021836530517229551074841212288575702474743909480258476148596243889226332960078148088610051229051896697298106781514672640555721479077477258961031319597475921781888842891706782216762528547915181160144886716372584044070837940567907145234674734552578805957589112806449322779762815771911798695859540464210509527418168453970668172173418714082999464771741097388331637787723363119571946292547801194691026711873290121700405011801528157432953597162587517918279641975738457642615141

23703464231570026561997707795021836530517229551074841212288575702474743909480258476148596243889226332960078148088610051229051896697298106781514672640555721479077477258961031319597475921781888842891706782216762528547915181160144886716372584044070837940567907145234674734552578805957589112806449322779762815771911798695859540464210509527418168453970668172173418714082999464771741097388331637787723363119571946292547801194691026711873290121700405011801528157432953597162587517918279641975738457642615189

23703464231570026561997707795021836530517229551074841212288575702474743909480258476148596243889226332960078148088610051229051896697298106781514672640555721479077477258961031319597475921781888842891706782216762528547915181160144886716372584044070837940567907145234674734552578805957589112806449322779762815771911798695859540464210509527418168453970668172173418714082999464771741097388331637787723363119571946292547801194691026711873290121700405011801528157432953597162587517918279641975738457642615907

23703464231570026561997707795021836530517229551074841212288575702474743909480258476148596243889226332960078148088610051229051896697298106781514672640555721479077477258961031319597475921781888842891706782216762528547915181160144886716372584044070837940567907145234674734552578805957589112806449322779762815771911798695859540464210509527418168453970668172173418714082999464771741097388331637787723363119571946292547801194691026711873290121700405011801528157432953597162587517918279641975738457642615921

23703464231570026561997707795021836530517229551074841212288575702474743909480258476148596243889226332960078148088610051229051896697298106781514672640555721479077477258961031319597475921781888842891706782216762528547915181160144886716372584044070837940567907145234674734552578805957589112806449322779762815771911798695859540464210509527418168453970668172173418714082999464771741097388331637787723363119571946292547801194691026711873290121700405011801528157432953597162587517918279641975738457642616197

23703464231570026561997707795021836530517229551074841212288575702474743909480258476148596243889226332960078148088610051229051896697298106781514672640555721479077477258961031319597475921781888842891706782216762528547915181160144886716372584044070837940567907145234674734552578805957589112806449322779762815771911798695859540464210509527418168453970668172173418714082999464771741097388331637787723363119571946292547801194691026711873290121700405011801528157432953597162587517918279641975738457642619519

23703464231570026561997707795021836530517229551074841212288575702474743909480258476148596243889226332960078148088610051229051896697298106781514672640555721479077477258961031319597475921781888842891706782216762528547915181160144886716372584044070837940567907145234674734552578805957589112806449322779762815771911798695859540464210509527418168453970668172173418714082999464771741097388331637787723363119571946292547801194691026711873290121700405011801528157432953597162587517918279641975738457642620451

23703464231570026561997707795021836530517229551074841212288575702474743909480258476148596243889226332960078148088610051229051896697298106781514672640555721479077477258961031319597475921781888842891706782216762528547915181160144886716372584044070837940567907145234674734552578805957589112806449322779762815771911798695859540464210509527418168453970668172173418714082999464771741097388331637787723363119571946292547801194691026711873290121700405011801528157432953597162587517918279641975738457642621031
